1551453301.000000, IBI
145.631666,0.62509
146.522332,0.890666
151.725695,1.062549
152.835121,1.109426
153.710161,0.8750400000
154.725832,1.015671
161.6792760000,1.031297
162.741824,1.062549
163.773122,1.031297
164.757542,0.98442000000000000
165.757587,1.000046
166.695130,0.937543
167.5857960000,0.890666
168.42958500000,0.843789000000000000000
169.288999,0.859414
170.148413,0.859414
170.929699,0.781286
171.695359,0.765660
172.539148,0.843789
173.492316,0.953169
174.398608,0.906291